2024-05-03, 185, 50, 14, 24.09
2024-05-03, 205, 60, 15, 39.92
2024-05-04, 465, 44, 14, 167.44
2024-05-04, 456, 11, 4, 10.91
2024-05-04, 502, 454, 5, 8648.15
2024-05-04, 185, 60, 14, 30.10
2024-05-04, 245, 45, 17, 46.00
2024-05-04, 245, 45, 17, 46.00
2024-05-04, 205, 60, 15, 39.92
2024-05-04, 205, 60, 15, 39.92
2024-05-04, 205, 60, 15, 39.92
2024-05-04, 456, 60, 15, 256.57
2024-05-04, 205, 60, 15, 39.92
2024-05-04, 205, 60, 15, 39.92
2024-05-04, 205, 60, 15, 39.92
2024-05-04, 205, 60, 15, 39.92
2024-05-04, 185, 50, 14, 24.09
2024-05-04, 205, 60, 15, 39.92
2024-05-04, 205, 60, 15, 39.92
name: Sergio, cell phone: 09808376622024-05-04, 205, 60, 15, 39.92
name: serdyt, cell phone: 54654654652024-05-04, 205, 60, 15, 39.92
2024-05-04, 205, 60, 15, 39.92
name: jkhkjh , cell phone: 5+6565
